               A1-$(     A1-$,     A1-$.   A1-ADJA   A1-ADJD    A1-ADV   A1-APPO   A1-APPRA1-APPRART    A1-ART   A1-CARD  A1-KOKOM    A1-KON   A1-KOUS     A1-NE     A1-NN   A1-PIAT   A1-PPER A1-PPOSAT  A1-PRELS   A1-PREP    A1-PRF  A1-PTKVZ  A1-PTKZU    A1-PWS  A1-VAFIN  A1-VMFIN   A1-VMPP  A1-VVFIN   A1-VVPP       SUM
A2-$(              4         0         0         0         0         0         0         0         0         0         0         0         0         0         0         0         0         0         0         0         0         0         0         0         0         0         0         0         0         0|         4
A2-$,              0        20         0         0         0         0         0         0         0         0         0         0         0         0         0         0         0         0         0         0         0         0         0         0         0         0         0         0         0         0|        20
A2-$.              0         0         9         0         0         0         0         0         0         0         0         0         0         0         0         0         0         0         0         0         0         0         0         0         0         0         0         0         0         0|         9
A2-ADJA            0         0         0        21         0         0         0         0         0         0         0         0         0         0         0         0         0         0         0         0         0         0         0         0         0         0         0         0         0         0|        21
A2-ADJD            0         0         0         0        11         0         0         0         0         0         0         0         0         0         0         0         0         0         0         0         0         0         0         0         0         0         0         0         0         0|        11
A2-ADV             0         0         0         0         0         3         0         0         0         0         0         0         0         0         0         0         0         0         0         0         0         0         0         0         0         0         0         0         0         0|         3
A2-APPO            0         0         0         0         0         0         1         0         0         0         0         0         0         0         0         0         0         0         0         0         0         0         0         0         0         0         0         0         0         0|         1
A2-APPR            0         0         0         0         0         0         0         8         0         0         0         0         0         0         0         0         0         0         0         0         0         0         0         0         0         0         0         0         0         0|         8
A2-APPRART         0         0         0         0         0         0         0         0         1         0         0         0         0         0         0         0         0         0         0         0         0         0         0         0         0         0         0         0         0         0|         1
A2-ART             0         0         0         0         0         0         0         0         0        18         0         0         0         0         0         1         0         0         0         0         0         0         0         0         0         0         0         0         0         0|        19
A2-CARD            0         0         0         0         0         0         0         0         0         0         1         0         0         0         0         0         0         0         0         0         0         0         0         0         0         0         0         0         0         0|         1
A2-KOKOM           0         0         0         0         0         0         0         0         0         0         0         1         0         0         0         0         0         0         0         0         0         0         0         0         0         0         0         0         0         0|         1
A2-KON             0         0         0         0         0         0         0         0         0         0         0         0         4         0         0         0         0         0         0         0         0         0         0         0         0         0         0         0         0         0|         4
A2-KOUS            0         0         0         0         0         0         0         0         0         0         0         0         0         1         0         0         0         0         0         0         0         0         0         0         0         0         0         0         0         0|         1
A2-NE              0         0         0         0         0         0         0         0         0         0         0         0         0         0         3         0         0         0         0         0         0         0         0         0         0         0         0         0         0         0|         3
A2-NN              0         0         0         0         0         0         0         0         0         0         0         0         0         0         0        31         0         0         0         0         0         0         0         0         0         0         0         0         0         0|        31
A2-PIAT            0         0         0         0         0         0         0         0         0         0         0         0         0         0         0         0         1         0         0         0         0         0         0         0         0         0         0         0         0         0|         1
A2-PPER            0         0         0         0         0         0         0         0         0         0         0         0         0         0         0         0         0         8         0         0         0         0         0         0         0         0         0         0         0         0|         8
A2-PPOSAT          0         0         0         0         0         0         0         0         0         0         0         0         0         0         0         0         0         0         6         0         0         0         0         0         0         0         0         0         0         0|         6
A2-PRELS           0         0         0         0         0         0         0         0         0         0         0         0         0         0         0         0         0         0         0         2         0         0         0         0         0         0         0         0         0         0|         2
A2-PREP            0         0         0         0         0         0         0         0         0         0         0         0         0         0         0         0         0         0         0         0         8         0         0         0         0         0         0         0         0         0|         8
A2-PRF             0         0         0         0         0         0         0         0         0         0         0         0         0         0         0         0         0         0         0         0         0         5         0         0         0         0         0         0         0         0|         5
A2-PTKVZ           0         0         0         0         0         0         0         0         0         0         0         0         0         0         0         0         0         0         0         0         0         0         2         0         0         0         0         0         0         0|         2
A2-PTKZU           0         0         0         0         0         0         0         0         0         0         0         0         0         0         0         0         0         0         0         0         0         0         0         2         0         0         0         0         0         0|         2
A2-PWS             0         0         0         0         0         0         0         0         0         0         0         0         0         0         0         0         0         0         0         0         0         0         0         0         1         0         0         0         0         0|         1
A2-VAFIN           0         0         0         0         0         0         0         0         0         0         0         0         0         0         0         0         0         0         0         0         0         0         0         0         0         5         0         0         0         0|         5
A2-VMFIN           0         0         0         0         0         0         0         0         0         0         0         0         0         0         0         0         0         0         0         0         0         0         0         0         0         0         2         0         0         0|         2
A2-VMPP            0         0         0         0         0         0         0         0         0         0         0         0         0         0         0         0         0         0         0         0         0         0         0         0         0         0         0         1         0         0|         1
A2-VVFIN           0         0         0         0         0         0         0         0         0         0         0         0         0         0         0         0         0         0         0         0         0         0         0         0         0         0         0         0        15         0|        15
A2-VVPP            0         0         0         0         0         0         0         0         0         0         0         0         0         0         0         0         0         0         0         0         0         0         0         0         0         0         0         0         0         3|         3
__________________________________________________________________________________________________________________________________________________________________________________________________________________________________________________________________________________________________________________________________________
SUM                4        20         9        21        11         3         1         8         1        18         1         1         4         1         3        32         1         8         6         2         8         5         2         2         1         5         2         1        15         3       199
Quality(%)      : 0.99497485
Quality(kappa)  : 0.99456847
A1 - Annotator1 : unknown
A2 - Annotator2 : Michael Czaja
